
ModelNum VarNum Response Predictors    xR²      N*   Present      NaiveEst       xSSE         SST
       2      1 warm              1  1.000     27.00      56        2.0000     0.10840E-32  224.00    
       4      1 warm              1  1.000     27.00      56        2.0000     0.33042E-08  224.00    
       6      1 warm              1  1.000     27.14      56        2.0000     0.35717E-02  224.00    
       8      1 warm              1  0.998     28.64      56        2.0000     0.42554      224.00    
      10      1 warm              1  0.985     32.06      56        2.0000      3.4246      224.00    
      12      1 warm              1  0.955     36.38      56        2.0000      9.9875      224.00    
      14      1 warm              1  0.914     40.77      56        2.0000      19.339      224.00    
      16      1 warm              1  0.861     44.91      56        2.0000      31.036      224.00    
      18      1 warm              1  0.801     48.72      56        2.0000      44.597      224.00    
      20      1 warm              1  0.736     52.17      56        2.0000      59.212      224.00    
      22      1 warm              1  0.670     55.27      56        2.0000      73.998      224.00    
      24      1 warm              1  0.606     58.04      56        2.0000      88.256      224.00    
      26      1 warm              1  0.547     60.49      56        2.0000      101.55      224.00    
      28      1 warm              1  0.492     62.66      56        2.0000      113.68      224.00    
      30      1 warm              1  0.444     64.57      56        2.0000      124.59      224.00    
      32      1 warm              1  0.400     66.26      56        2.0000      134.32      224.00    
      34      1 warm              1 -0.189     11.08      56        2.0000      266.26      224.00    
      41      1 warm              2  0.935      4.38      56        2.0000      14.662      224.00    
      43      1 warm              2  0.878      5.01      56        2.0000      27.311      224.00    
      45      1 warm              2  0.810      5.60      56        2.0000      42.460      224.00    
      47      1 warm              2  0.735      6.15      56        2.0000      59.449      224.00    
      49      1 warm              2  0.655      6.65      56        2.0000      77.273      224.00    
      51      1 warm              2  0.576      7.09      56        2.0000      94.909      224.00    
      53      1 warm              2  0.502      7.49      56        2.0000      111.60      224.00    
      55      1 warm              2  0.433      7.84      56        2.0000      126.94      224.00    
      57      1 warm              2  0.372      8.15      56        2.0000      140.75      224.00    
      59      1 warm              2  0.317      8.43      56        2.0000      153.04      224.00    
      61      1 warm              2  0.268      8.67      56        2.0000      163.91      224.00    
      63      1 warm              1 -0.128     16.20      56        2.0000      252.75      224.00    
      65      1 warm              2  1.000      4.73      56        2.0000     0.36425E-31  224.00    
      67      1 warm              2  1.000      4.73      56        2.0000     0.45400E-08  224.00    
      69      1 warm              2  1.000      4.76      56        2.0000     0.48856E-02  224.00    
      71      1 warm              2  0.997      5.07      56        2.0000     0.57429      224.00    
      73      1 warm              2  0.980      5.77      56        2.0000      4.4992      224.00    
      75      1 warm              2  0.943      6.65      56        2.0000      12.758      224.00    
      77      1 warm              2  0.892      7.55      56        2.0000      24.118      224.00    
      79      1 warm              2  0.831      8.40      56        2.0000      37.947      224.00    
      81      1 warm              2  0.760      9.18      56        2.0000      53.649      224.00    
      83      1 warm              2  0.686      9.88      56        2.0000      70.286      224.00    
      85      1 warm              2  0.612     10.52      56        2.0000      86.881      224.00    
      87      1 warm              2  0.542     11.09      56        2.0000      102.70      224.00    
      89      1 warm              2  0.476     11.59      56        2.0000      117.31      224.00    
      91      1 warm              2  0.417     12.03      56        2.0000      130.52      224.00    
      93      1 warm              2  0.365     12.42      56        2.0000      142.33      224.00    
      95      1 warm              2  0.318     12.77      56        2.0000      152.80      224.00    
      97      1 warm              1 -0.089     23.60      56        2.0000      243.83      224.00    
      99      1 warm              2  1.000      7.20      56        2.0000     0.16545E-31  224.00    
     101      1 warm              2  1.000      7.20      56        2.0000     0.40798E-08  224.00    
     103      1 warm              2  1.000      7.24      56        2.0000     0.43340E-02  224.00    
     105      1 warm              2  0.998      7.68      56        2.0000     0.51220      224.00    
     107      1 warm              2  0.982      8.68      56        2.0000      4.0557      224.00    
     109      1 warm              2  0.948      9.95      56        2.0000      11.628      224.00    
     111      1 warm              2  0.901     11.23      56        2.0000      22.188      224.00    
     113      1 warm              2  0.843     12.45      56        2.0000      35.180      224.00    
     115      1 warm              2  0.777     13.56      56        2.0000      50.050      224.00    
     117      1 warm              2  0.706     14.57      56        2.0000      65.908      224.00    
     119      1 warm              2  0.635     15.48      56        2.0000      81.812      224.00    
     121      1 warm              2  0.567     16.29      56        2.0000      97.038      224.00    
     123      1 warm              2  0.504     17.01      56        2.0000      111.15      224.00    
     125      1 warm              2  0.447     17.64      56        2.0000      123.96      224.00    
     127      1 warm              2  0.395     18.20      56        2.0000      135.43      224.00    
     129      1 warm              2  0.350     18.70      56        2.0000      145.63      224.00    
     131      1 warm              1 -0.069     30.45      56        2.0000      239.42      224.00    
     133      1 warm              2  1.000      9.48      56        2.0000     0.97728E-32  224.00    
     135      1 warm              2  1.000      9.49      56        2.0000     0.38201E-08  224.00    
     137      1 warm              2  1.000      9.54      56        2.0000     0.40845E-02  224.00    
     139      1 warm              2  0.998     10.10      56        2.0000     0.48395      224.00    
     141      1 warm              2  0.983     11.38      56        2.0000      3.8516      224.00    
     143      1 warm              2  0.950     13.00      56        2.0000      11.102      224.00    
     145      1 warm              2  0.905     14.64      56        2.0000      21.281      224.00    
     147      1 warm              2  0.849     16.19      56        2.0000      33.868      224.00    
     149      1 warm              2  0.784     17.62      56        2.0000      48.333      224.00    
     151      1 warm              2  0.715     18.91      56        2.0000      63.808      224.00    
     153      1 warm              2  0.646     20.07      56        2.0000      79.369      224.00    
     155      1 warm              2  0.579     21.11      56        2.0000      94.300      224.00    
     157      1 warm              2  0.517     22.03      56        2.0000      108.17      224.00    
     159      1 warm              2  0.461     22.84      56        2.0000      120.77      224.00    
     161      1 warm              2  0.410     23.55      56        2.0000      132.07      224.00    
     163      1 warm              2  0.365     24.18      56        2.0000      142.13      224.00    
     165      1 warm              1 -0.057     36.70      56        2.0000      236.79      224.00    
     167      1 warm              2  1.000     11.57      56        2.0000     0.66156E-32  224.00    
     169      1 warm              2  1.000     11.57      56        2.0000     0.37693E-08  224.00    
     171      1 warm              2  1.000     11.63      56        2.0000     0.39429E-02  224.00    
     173      1 warm              2  0.998     12.30      56        2.0000     0.46787      224.00    
     175      1 warm              2  0.983     13.84      56        2.0000      3.7348      224.00    
     177      1 warm              2  0.952     15.78      56        2.0000      10.799      224.00    
     179      1 warm              2  0.907     17.75      56        2.0000      20.756      224.00    
     181      1 warm              2  0.852     19.60      56        2.0000      33.106      224.00    
     183      1 warm              2  0.789     21.31      56        2.0000      47.331      224.00    
     185      1 warm              2  0.721     22.86      56        2.0000      62.580      224.00    
     187      1 warm              2  0.652     24.25      56        2.0000      77.938      224.00    
     189      1 warm              2  0.586     25.49      56        2.0000      92.693      224.00    
     191      1 warm              2  0.525     26.59      56        2.0000      106.41      224.00    
     193      1 warm              2  0.469     27.57      56        2.0000      118.89      224.00    
     195      1 warm              2  0.419     28.43      56        2.0000      130.09      224.00    
     197      1 warm              2  0.375     29.18      56        2.0000      140.07      224.00    
     199      1 warm              1 -0.049     42.33      56        2.0000      235.06      224.00    
     201      1 warm              2  1.000     13.44      56        2.0000     0.48702E-32  224.00    
     203      1 warm              2  1.000     13.44      56        2.0000     0.36096E-08  224.00    
     205      1 warm              2  1.000     13.52      56        2.0000     0.38521E-02  224.00    
     207      1 warm              2  0.998     14.29      56        2.0000     0.45754      224.00    
     209      1 warm              2  0.984     16.05      56        2.0000      3.6594      224.00    
     211      1 warm              2  0.953     18.28      56        2.0000      10.603      224.00    
     213      1 warm              2  0.909     20.54      56        2.0000      20.415      224.00    
     215      1 warm              2  0.854     22.68      56        2.0000      32.610      224.00    
     217      1 warm              2  0.792     24.64      56        2.0000      46.677      224.00    
     219      1 warm              2  0.724     26.42      56        2.0000      61.776      224.00    
     221      1 warm              2  0.656     28.02      56        2.0000      76.999      224.00    
     223      1 warm              2  0.591     29.45      56        2.0000      91.638      224.00    
     225      1 warm              2  0.530     30.71      56        2.0000      105.26      224.00    
     227      1 warm              2  0.475     31.83      56        2.0000      117.66      224.00    
     229      1 warm              2  0.425     32.82      56        2.0000      128.79      224.00    
     231      1 warm              2  0.381     33.69      56        2.0000      138.71      224.00    
     233      1 warm              1 -0.044     47.34      56        2.0000      233.84      224.00    
     235      1 warm              2  1.000     15.11      56        2.0000     0.38034E-32  224.00    
     237      1 warm              2  1.000     15.11      56        2.0000     0.35996E-08  224.00    
     239      1 warm              2  1.000     15.20      56        2.0000     0.37894E-02  224.00    
     241      1 warm              2  0.998     16.06      56        2.0000     0.45040      224.00    
     243      1 warm              2  0.984     18.02      56        2.0000      3.6073      224.00    
     245      1 warm              2  0.953     20.51      56        2.0000      10.467      224.00    
     247      1 warm              2  0.910     23.04      56        2.0000      20.178      224.00    
     249      1 warm              2  0.856     25.42      56        2.0000      32.264      224.00    
     251      1 warm              2  0.794     27.61      56        2.0000      46.221      224.00    
     253      1 warm              2  0.727     29.60      56        2.0000      61.215      224.00    
     255      1 warm              2  0.659     31.38      56        2.0000      76.344      224.00    
     257      1 warm              2  0.594     32.97      56        2.0000      90.900      224.00    
     259      1 warm              2  0.534     34.38      56        2.0000      104.45      224.00    
     261      1 warm              2  0.479     35.63      56        2.0000      116.79      224.00    
     263      1 warm              2  0.429     36.73      56        2.0000      127.88      224.00    
     265      1 warm              2  0.385     37.70      56        2.0000      137.75      224.00    
     267      1 warm              1 -0.040     51.75      56        2.0000      232.96      224.00    
     269      1 warm              2  1.000     16.58      56        2.0000     0.31101E-32  224.00    
     271      1 warm              2  1.000     16.58      56        2.0000     0.35419E-08  224.00    
     273      1 warm              2  1.000     16.67      56        2.0000     0.37445E-02  224.00    
     275      1 warm              2  0.998     17.61      56        2.0000     0.44527      224.00    
     277      1 warm              2  0.984     19.76      56        2.0000      3.5697      224.00    
     279      1 warm              2  0.954     22.48      56        2.0000      10.368      224.00    
     281      1 warm              2  0.911     25.23      56        2.0000      20.007      224.00    
     283      1 warm              2  0.857     27.83      56        2.0000      32.014      224.00    
     285      1 warm              2  0.795     30.22      56        2.0000      45.891      224.00    
     287      1 warm              2  0.729     32.39      56        2.0000      60.809      224.00    
     289      1 warm              2  0.661     34.34      56        2.0000      75.868      224.00    
     291      1 warm              2  0.597     36.07      56        2.0000      90.365      224.00    
     293      1 warm              2  0.536     37.61      56        2.0000      103.86      224.00    
     295      1 warm              2  0.481     38.98      56        2.0000      116.16      224.00    
     297      1 warm              2  0.432     40.18      56        2.0000      127.21      224.00    
     299      1 warm              2  0.388     41.24      56        2.0000      137.06      224.00    
     301      1 warm              1 -0.037     55.59      56        2.0000      232.29      224.00    
     303      1 warm              2  1.000     17.86      56        2.0000     0.26404E-32  224.00    
     305      1 warm              2  1.000     17.86      56        2.0000     0.35279E-08  224.00    
     307      1 warm              2  1.000     17.96      56        2.0000     0.37113E-02  224.00    
     309      1 warm              2  0.998     18.97      56        2.0000     0.44149      224.00    
     311      1 warm              2  0.984     21.27      56        2.0000      3.5420      224.00    
     313      1 warm              2  0.954     24.18      56        2.0000      10.296      224.00    
     315      1 warm              2  0.911     27.14      56        2.0000      19.880      224.00    
     317      1 warm              2  0.858     29.93      56        2.0000      31.828      224.00    
     319      1 warm              2  0.796     32.50      56        2.0000      45.646      224.00    
     321      1 warm              2  0.730     34.82      56        2.0000      60.507      224.00    
     323      1 warm              2  0.663     36.91      56        2.0000      75.515      224.00    
     325      1 warm              2  0.598     38.77      56        2.0000      89.967      224.00    
     327      1 warm              2  0.538     40.43      56        2.0000      103.43      224.00    
     329      1 warm              2  0.484     41.89      56        2.0000      115.70      224.00    
     331      1 warm              2  0.434     43.17      56        2.0000      126.72      224.00    
     333      1 warm              2  0.390     44.31      56        2.0000      136.55      224.00    
     335      1 warm              1 -0.035     58.91      56        2.0000      231.79      224.00    
     337      1 warm              2  1.000     18.97      56        2.0000     0.23113E-32  224.00    
     339      1 warm              2  1.000     18.97      56        2.0000     0.34250E-08  224.00    
     341      1 warm              2  1.000     19.07      56        2.0000     0.36864E-02  224.00    
     343      1 warm              2  0.998     20.14      56        2.0000     0.43865      224.00    
     345      1 warm              2  0.984     22.58      56        2.0000      3.5212      224.00    
     347      1 warm              2  0.954     25.66      56        2.0000      10.241      224.00    
     349      1 warm              2  0.912     28.79      56        2.0000      19.784      224.00    
     351      1 warm              2  0.859     31.74      56        2.0000      31.688      224.00    
     353      1 warm              2  0.797     34.46      56        2.0000      45.461      224.00    
     355      1 warm              2  0.731     36.92      56        2.0000      60.279      224.00    
     357      1 warm              2  0.664     39.13      56        2.0000      75.248      224.00    
     359      1 warm              2  0.600     41.10      56        2.0000      89.666      224.00    
     361      1 warm              2  0.540     42.85      56        2.0000      103.10      224.00    
     363      1 warm              2  0.485     44.40      56        2.0000      115.34      224.00    
     365      1 warm              2  0.436     45.76      56        2.0000      126.35      224.00    
     367      1 warm              2  0.392     46.97      56        2.0000      136.16      224.00    
     369      1 warm              1 -0.033     61.75      56        2.0000      231.41      224.00    
     371      1 warm              2  1.000     19.92      56        2.0000     0.20741E-32  224.00    
     373      1 warm              2  1.000     19.92      56        2.0000     0.34534E-08  224.00    
     375      1 warm              2  1.000     20.03      56        2.0000     0.36674E-02  224.00    
     377      1 warm              2  0.998     21.14      56        2.0000     0.43648      224.00    
     379      1 warm              2  0.984     23.70      56        2.0000      3.5052      224.00    
     381      1 warm              2  0.954     26.93      56        2.0000      10.199      224.00    
     383      1 warm              2  0.912     30.21      56        2.0000      19.711      224.00    
     385      1 warm              2  0.859     33.30      56        2.0000      31.581      224.00    
     387      1 warm              2  0.798     36.14      56        2.0000      45.319      224.00    
     389      1 warm              2  0.732     38.72      56        2.0000      60.103      224.00    
     391      1 warm              2  0.665     41.04      56        2.0000      75.042      224.00    
     393      1 warm              2  0.601     43.10      56        2.0000      89.434      224.00    
     395      1 warm              2  0.541     44.94      56        2.0000      102.85      224.00    
     397      1 warm              2  0.486     46.55      56        2.0000      115.07      224.00    
     399      1 warm              2  0.437     47.98      56        2.0000      126.06      224.00    
     401      1 warm              2  0.394     49.24      56        2.0000      135.86      224.00    
     403      1 warm              1 -0.032     64.19      56        2.0000      231.10      224.00    
     405      1 warm              2  1.000     20.73      56        2.0000     0.18985E-32  224.00    
     407      1 warm              2  1.000     20.73      56        2.0000     0.34630E-08  224.00    
     409      1 warm              2  1.000     20.84      56        2.0000     0.36525E-02  224.00    
     411      1 warm              2  0.998     22.00      56        2.0000     0.43478      224.00    
     413      1 warm              2  0.984     24.66      56        2.0000      3.4927      224.00    
     415      1 warm              2  0.955     28.01      56        2.0000      10.167      224.00    
     417      1 warm              2  0.912     31.42      56        2.0000      19.654      224.00    
     419      1 warm              2  0.859     34.63      56        2.0000      31.497      224.00    
     421      1 warm              2  0.798     37.59      56        2.0000      45.208      224.00    
     423      1 warm              2  0.732     40.27      56        2.0000      59.966      224.00    
     425      1 warm              2  0.666     42.67      56        2.0000      74.882      224.00    
     427      1 warm              2  0.602     44.82      56        2.0000      89.254      224.00    
     429      1 warm              2  0.542     46.72      56        2.0000      102.65      224.00    
     431      1 warm              2  0.487     48.40      56        2.0000      114.86      224.00    
     433      1 warm              2  0.438     49.89      56        2.0000      125.83      224.00    
     435      1 warm              2  0.395     51.20      56        2.0000      135.62      224.00    
     437      1 warm              1 -0.031     66.28      56        2.0000      230.86      224.00    
     439      1 warm              2  1.000     21.43      56        2.0000     0.17654E-32  224.00    
     441      1 warm              2  1.000     21.43      56        2.0000     0.33973E-08  224.00    
     443      1 warm              2  1.000     21.54      56        2.0000     0.36408E-02  224.00    
     445      1 warm              2  0.998     22.74      56        2.0000     0.43344      224.00    
     447      1 warm              2  0.984     25.48      56        2.0000      3.4829      224.00    
     449      1 warm              2  0.955     28.94      56        2.0000      10.141      224.00    
     451      1 warm              2  0.912     32.46      56        2.0000      19.608      224.00    
     453      1 warm              2  0.860     35.77      56        2.0000      31.431      224.00    
     455      1 warm              2  0.799     38.82      56        2.0000      45.120      224.00    
     457      1 warm              2  0.733     41.59      56        2.0000      59.858      224.00    
     459      1 warm              2  0.666     44.07      56        2.0000      74.755      224.00    
     461      1 warm              2  0.602     46.29      56        2.0000      89.110      224.00    
     463      1 warm              2  0.542     48.25      56        2.0000      102.49      224.00    
     465      1 warm              2  0.488     49.99      56        2.0000      114.69      224.00    
     467      1 warm              2  0.439     51.52      56        2.0000      125.66      224.00    
     469      1 warm              2  0.395     52.87      56        2.0000      135.44      224.00    
     471      1 warm              1 -0.030     68.08      56        2.0000      230.67      224.00    
     473      1 warm              2  1.000     22.03      56        2.0000     0.16623E-32  224.00    
     475      1 warm              2  1.000     22.03      56        2.0000     0.34658E-08  224.00    
     477      1 warm              2  1.000     22.14      56        2.0000     0.36314E-02  224.00    
     479      1 warm              2  0.998     23.37      56        2.0000     0.43237      224.00    
     481      1 warm              2  0.984     26.19      56        2.0000      3.4750      224.00    
     483      1 warm              2  0.955     29.74      56        2.0000      10.120      224.00    
     485      1 warm              2  0.913     33.35      56        2.0000      19.572      224.00    
     487      1 warm              2  0.860     36.76      56        2.0000      31.377      224.00    
     489      1 warm              2  0.799     39.88      56        2.0000      45.050      224.00    
     491      1 warm              2  0.733     42.72      56        2.0000      59.771      224.00    
     493      1 warm              2  0.667     45.27      56        2.0000      74.653      224.00    
     495      1 warm              2  0.603     47.55      56        2.0000      88.995      224.00    
     497      1 warm              2  0.543     49.56      56        2.0000      102.36      224.00    
     499      1 warm              2  0.489     51.35      56        2.0000      114.55      224.00    
     501      1 warm              2  0.440     52.92      56        2.0000      125.51      224.00    
     503      1 warm              2  0.396     54.31      56        2.0000      135.29      224.00    
     505      1 warm              1 -0.029     69.62      56        2.0000      230.51      224.00    
     507      1 warm              2  1.000     22.54      56        2.0000     0.15810E-32  224.00    
     509      1 warm              2  1.000     22.54      56        2.0000     0.34056E-08  224.00    
     511      1 warm              2  1.000     22.66      56        2.0000     0.36238E-02  224.00    
     513      1 warm              2  0.998     23.92      56        2.0000     0.43150      224.00    
     515      1 warm              2  0.985     26.79      56        2.0000      3.4686      224.00    
     517      1 warm              2  0.955     30.43      56        2.0000      10.103      224.00    
     519      1 warm              2  0.913     34.12      56        2.0000      19.542      224.00    
     521      1 warm              2  0.860     37.60      56        2.0000      31.334      224.00    
     523      1 warm              2  0.799     40.80      56        2.0000      44.992      224.00    
     525      1 warm              2  0.733     43.70      56        2.0000      59.700      224.00    
     527      1 warm              2  0.667     46.31      56        2.0000      74.570      224.00    
     529      1 warm              2  0.603     48.63      56        2.0000      88.901      224.00    
     531      1 warm              2  0.543     50.69      56        2.0000      102.26      224.00    
     533      1 warm              2  0.489     52.52      56        2.0000      114.44      224.00    
     535      1 warm              2  0.440     54.12      56        2.0000      125.40      224.00    
     537      1 warm              2  0.397     55.54      56        2.0000      135.16      224.00    
     539      1 warm              1 -0.029     70.95      56        2.0000      230.38      224.00    
     541      1 warm              2  1.000     22.98      56        2.0000     0.15157E-32  224.00    
     543      1 warm              2  1.000     22.98      56        2.0000     0.34311E-08  224.00    
     545      1 warm              2  1.000     23.11      56        2.0000     0.36176E-02  224.00    
     547      1 warm              2  0.998     24.39      56        2.0000     0.43078      224.00    
     549      1 warm              2  0.985     27.32      56        2.0000      3.4633      224.00    
     551      1 warm              2  0.955     31.02      56        2.0000      10.089      224.00    
     553      1 warm              2  0.913     34.78      56        2.0000      19.518      224.00    
     555      1 warm              2  0.860     38.33      56        2.0000      31.298      224.00    
     557      1 warm              2  0.799     41.59      56        2.0000      44.945      224.00    
     559      1 warm              2  0.734     44.54      56        2.0000      59.641      224.00    
     561      1 warm              2  0.667     47.20      56        2.0000      74.501      224.00    
     563      1 warm              2  0.603     49.57      56        2.0000      88.824      224.00    
     565      1 warm              2  0.544     51.67      56        2.0000      102.18      224.00    
     567      1 warm              2  0.490     53.53      56        2.0000      114.35      224.00    
     569      1 warm              2  0.441     55.16      56        2.0000      125.30      224.00    
     571      1 warm              2  0.397     56.61      56        2.0000      135.06      224.00    
     573      2 cold              1 -0.075     27.00      72        6.0000      1445.4      1344.0    
     575      2 cold              1 -0.075     27.00      72        6.0000      1445.4      1344.0    
     577      2 cold              1 -0.075     27.14      72        6.0000      1444.9      1344.0    
     579      2 cold              1 -0.071     28.64      72        6.0000      1439.5      1344.0    
     581      2 cold              1 -0.064     32.06      72        6.0000      1429.4      1344.0    
     583      2 cold              1 -0.056     36.38      72        6.0000      1419.5      1344.0    
     585      2 cold              1 -0.050     40.77      72        6.0000      1411.5      1344.0    
     587      2 cold              1 -0.046     44.91      72        6.0000      1405.4      1344.0    
     589      2 cold              1 -0.042     48.72      72        6.0000      1400.5      1344.0    
     591      2 cold              1 -0.039     52.17      72        6.0000      1396.7      1344.0    
     593      2 cold              1 -0.037     55.27      72        6.0000      1393.7      1344.0    
     595      2 cold              1 -0.035     58.04      72        6.0000      1391.2      1344.0    
     597      2 cold              1 -0.034     60.49      72        6.0000      1389.2      1344.0    
     599      2 cold              1 -0.032     62.66      72        6.0000      1387.6      1344.0    
     601      2 cold              1 -0.031     64.57      72        6.0000      1386.2      1344.0    
     603      2 cold              1 -0.031     66.26      72        6.0000      1385.1      1344.0    
     605      2 cold              1  1.000     11.08      72        6.0000     0.16933E-02  1344.0    
     612      2 cold              2  1.000      4.38      72        6.0000     0.21612E-02  1344.0    
     614      2 cold              2  1.000      5.01      72        6.0000     0.20632E-02  1344.0    
     616      2 cold              2  1.000      5.60      72        6.0000     0.19907E-02  1344.0    
     618      2 cold              2  1.000      6.15      72        6.0000     0.19363E-02  1344.0    
     620      2 cold              2  1.000      6.65      72        6.0000     0.18948E-02  1344.0    
     622      2 cold              2  1.000      7.09      72        6.0000     0.18625E-02  1344.0    
     624      2 cold              2  1.000      7.49      72        6.0000     0.18364E-02  1344.0    
     626      2 cold              2  1.000      7.84      72        6.0000     0.18158E-02  1344.0    
     628      2 cold              2  1.000      8.15      72        6.0000     0.17996E-02  1344.0    
     630      2 cold              2  1.000      8.43      72        6.0000     0.17857E-02  1344.0    
     632      2 cold              2  1.000      8.67      72        6.0000     0.17743E-02  1344.0    
     634      2 cold              1  0.997     16.20      72        6.0000      4.6392      1344.0    
     636      2 cold              2  0.995      4.73      72        6.0000      6.3084      1344.0    
     638      2 cold              2  0.995      4.73      72        6.0000      6.3084      1344.0    
     640      2 cold              2  0.995      4.76      72        6.0000      6.2923      1344.0    
     642      2 cold              2  0.995      5.07      72        6.0000      6.1393      1344.0    
     644      2 cold              2  0.996      5.77      72        6.0000      5.8621      1344.0    
     646      2 cold              2  0.996      6.65      72        6.0000      5.6053      1344.0    
     648      2 cold              2  0.996      7.55      72        6.0000      5.4094      1344.0    
     650      2 cold              2  0.996      8.40      72        6.0000      5.2630      1344.0    
     652      2 cold              2  0.996      9.18      72        6.0000      5.1515      1344.0    
     654      2 cold              2  0.996      9.88      72        6.0000      5.0651      1344.0    
     656      2 cold              2  0.996     10.52      72        6.0000      4.9972      1344.0    
     658      2 cold              2  0.996     11.09      72        6.0000      4.9434      1344.0    
     660      2 cold              2  0.996     11.59      72        6.0000      4.9002      1344.0    
     662      2 cold              2  0.996     12.03      72        6.0000      4.8652      1344.0    
     664      2 cold              2  0.996     12.42      72        6.0000      4.8366      1344.0    
     666      2 cold              2  0.996     12.77      72        6.0000      4.8130      1344.0    
     668      2 cold              1  0.984     23.60      72        6.0000      21.617      1344.0    
     670      2 cold              2  0.980      7.20      72        6.0000      27.107      1344.0    
     672      2 cold              2  0.980      7.20      72        6.0000      27.107      1344.0    
     674      2 cold              2  0.980      7.24      72        6.0000      27.057      1344.0    
     676      2 cold              2  0.980      7.68      72        6.0000      26.580      1344.0    
     678      2 cold              2  0.981      8.68      72        6.0000      25.701      1344.0    
     680      2 cold              2  0.981      9.95      72        6.0000      24.871      1344.0    
     682      2 cold              2  0.982     11.23      72        6.0000      24.229      1344.0    
     684      2 cold              2  0.982     12.45      72        6.0000      23.744      1344.0    
     686      2 cold              2  0.983     13.56      72        6.0000      23.371      1344.0    
     688      2 cold              2  0.983     14.57      72        6.0000      23.080      1344.0    
     690      2 cold              2  0.983     15.48      72        6.0000      22.850      1344.0    
     692      2 cold              2  0.983     16.29      72        6.0000      22.667      1344.0    
     694      2 cold              2  0.983     17.01      72        6.0000      22.520      1344.0    
     696      2 cold              2  0.983     17.64      72        6.0000      22.400      1344.0    
     698      2 cold              2  0.983     18.20      72        6.0000      22.302      1344.0    
     700      2 cold              2  0.983     18.70      72        6.0000      22.220      1344.0    
     702      2 cold              1  0.960     30.45      72        6.0000      53.746      1344.0    
     704      2 cold              2  0.952      9.48      72        6.0000      64.084      1344.0    
     706      2 cold              2  0.952      9.49      72        6.0000      64.084      1344.0    
     708      2 cold              2  0.952      9.54      72        6.0000      63.993      1344.0    
     710      2 cold              2  0.953     10.10      72        6.0000      63.123      1344.0    
     712      2 cold              2  0.954     11.38      72        6.0000      61.506      1344.0    
     714      2 cold              2  0.955     13.00      72        6.0000      59.962      1344.0    
     716      2 cold              2  0.956     14.64      72        6.0000      58.757      1344.0    
     718      2 cold              2  0.957     16.19      72        6.0000      57.839      1344.0    
     720      2 cold              2  0.957     17.62      72        6.0000      57.131      1344.0    
     722      2 cold              2  0.958     18.91      72        6.0000      56.575      1344.0    
     724      2 cold              2  0.958     20.07      72        6.0000      56.135      1344.0    
     726      2 cold              2  0.958     21.11      72        6.0000      55.783      1344.0    
     728      2 cold              2  0.959     22.03      72        6.0000      55.499      1344.0    
     730      2 cold              2  0.959     22.84      72        6.0000      55.268      1344.0    
     732      2 cold              2  0.959     23.55      72        6.0000      55.078      1344.0    
     734      2 cold              2  0.959     24.18      72        6.0000      54.920      1344.0    
     736      2 cold              1  0.921     36.70      72        6.0000      105.96      1344.0    
     738      2 cold              2  0.909     11.57      72        6.0000      122.21      1344.0    
     740      2 cold              2  0.909     11.57      72        6.0000      122.21      1344.0    
     742      2 cold              2  0.909     11.63      72        6.0000      122.07      1344.0    
     744      2 cold              2  0.910     12.30      72        6.0000      120.73      1344.0    
     746      2 cold              2  0.912     13.84      72        6.0000      118.23      1344.0    
     748      2 cold              2  0.914     15.78      72        6.0000      115.82      1344.0    
     750      2 cold              2  0.915     17.75      72        6.0000      113.93      1344.0    
     752      2 cold              2  0.916     19.60      72        6.0000      112.49      1344.0    
     754      2 cold              2  0.917     21.31      72        6.0000      111.36      1344.0    
     756      2 cold              2  0.918     22.86      72        6.0000      110.48      1344.0    
     758      2 cold              2  0.918     24.25      72        6.0000      109.78      1344.0    
     760      2 cold              2  0.919     25.49      72        6.0000      109.22      1344.0    
     762      2 cold              2  0.919     26.59      72        6.0000      108.77      1344.0    
     764      2 cold              2  0.919     27.57      72        6.0000      108.40      1344.0    
     766      2 cold              2  0.920     28.43      72        6.0000      108.10      1344.0    
     768      2 cold              2  0.920     29.18      72        6.0000      107.84      1344.0    
     770      2 cold              1  0.866     42.33      72        6.0000      180.30      1344.0    
     772      2 cold              2  0.849     13.44      72        6.0000      203.31      1344.0    
     774      2 cold              2  0.849     13.44      72        6.0000      203.31      1344.0    
     776      2 cold              2  0.849     13.52      72        6.0000      203.12      1344.0    
     778      2 cold              2  0.850     14.29      72        6.0000      201.25      1344.0    
     780      2 cold              2  0.853     16.05      72        6.0000      197.75      1344.0    
     782      2 cold              2  0.855     18.28      72        6.0000      194.36      1344.0    
     784      2 cold              2  0.857     20.54      72        6.0000      191.68      1344.0    
     786      2 cold              2  0.859     22.68      72        6.0000      189.63      1344.0    
     788      2 cold              2  0.860     24.64      72        6.0000      188.04      1344.0    
     790      2 cold              2  0.861     26.42      72        6.0000      186.78      1344.0    
     792      2 cold              2  0.862     28.02      72        6.0000      185.78      1344.0    
     794      2 cold              2  0.862     29.45      72        6.0000      184.98      1344.0    
     796      2 cold              2  0.863     30.71      72        6.0000      184.33      1344.0    
     798      2 cold              2  0.863     31.83      72        6.0000      183.81      1344.0    
     800      2 cold              2  0.864     32.82      72        6.0000      183.37      1344.0    
     802      2 cold              2  0.864     33.69      72        6.0000      183.01      1344.0    
     804      2 cold              1  0.797     47.34      72        6.0000      273.07      1344.0    
     806      2 cold              2  0.774     15.11      72        6.0000      303.11      1344.0    
     808      2 cold              2  0.774     15.11      72        6.0000      303.11      1344.0    
     810      2 cold              2  0.775     15.20      72        6.0000      302.86      1344.0    
     812      2 cold              2  0.776     16.06      72        6.0000      300.45      1344.0    
     814      2 cold              2  0.780     18.02      72        6.0000      295.91      1344.0    
     816      2 cold              2  0.783     20.51      72        6.0000      291.50      1344.0    
     818      2 cold              2  0.786     23.04      72        6.0000      288.02      1344.0    
     820      2 cold              2  0.788     25.42      72        6.0000      285.34      1344.0    
     822      2 cold              2  0.789     27.61      72        6.0000      283.25      1344.0    
     824      2 cold              2  0.790     29.60      72        6.0000      281.61      1344.0    
     826      2 cold              2  0.791     31.38      72        6.0000      280.30      1344.0    
     828      2 cold              2  0.792     32.97      72        6.0000      279.24      1344.0    
     830      2 cold              2  0.793     34.38      72        6.0000      278.39      1344.0    
     832      2 cold              2  0.793     35.63      72        6.0000      277.70      1344.0    
     834      2 cold              2  0.794     36.73      72        6.0000      277.12      1344.0    
     836      2 cold              2  0.794     37.70      72        6.0000      276.65      1344.0    
     838      2 cold              1  0.720     51.75      72        6.0000      375.86      1344.0    
     840      2 cold              2  0.693     16.58      72        6.0000      412.51      1344.0    
     842      2 cold              2  0.693     16.58      72        6.0000      412.51      1344.0    
     844      2 cold              2  0.693     16.67      72        6.0000      412.21      1344.0    
     846      2 cold              2  0.695     17.61      72        6.0000      409.29      1344.0    
     848      2 cold              2  0.700     19.76      72        6.0000      403.78      1344.0    
     850      2 cold              2  0.704     22.48      72        6.0000      398.42      1344.0    
     852      2 cold              2  0.707     25.23      72        6.0000      394.17      1344.0    
     854      2 cold              2  0.709     27.83      72        6.0000      390.90      1344.0    
     856      2 cold              2  0.711     30.22      72        6.0000      388.35      1344.0    
     858      2 cold              2  0.713     32.39      72        6.0000      386.34      1344.0    
     860      2 cold              2  0.714     34.34      72        6.0000      384.74      1344.0    
     862      2 cold              2  0.715     36.07      72        6.0000      383.45      1344.0    
     864      2 cold              2  0.715     37.61      72        6.0000      382.40      1344.0    
     866      2 cold              2  0.716     38.98      72        6.0000      381.55      1344.0    
     868      2 cold              2  0.717     40.18      72        6.0000      380.85      1344.0    
     870      2 cold              2  0.717     41.24      72        6.0000      380.26      1344.0    
     872      2 cold              1  0.643     55.59      72        6.0000      479.74      1344.0    
     874      2 cold              2  0.612     17.86      72        6.0000      522.13      1344.0    
     876      2 cold              2  0.612     17.86      72        6.0000      522.13      1344.0    
     878      2 cold              2  0.612     17.96      72        6.0000      521.78      1344.0    
     880      2 cold              2  0.614     18.97      72        6.0000      518.43      1344.0    
     882      2 cold              2  0.619     21.27      72        6.0000      512.08      1344.0    
     884      2 cold              2  0.624     24.18      72        6.0000      505.90      1344.0    
     886      2 cold              2  0.627     27.14      72        6.0000      500.99      1344.0    
     888      2 cold              2  0.630     29.93      72        6.0000      497.20      1344.0    
     890      2 cold              2  0.632     32.50      72        6.0000      494.25      1344.0    
     892      2 cold              2  0.634     34.82      72        6.0000      491.91      1344.0    
     894      2 cold              2  0.635     36.91      72        6.0000      490.05      1344.0    
     896      2 cold              2  0.636     38.77      72        6.0000      488.56      1344.0    
     898      2 cold              2  0.637     40.43      72        6.0000      487.34      1344.0    
     900      2 cold              2  0.638     41.89      72        6.0000      486.35      1344.0    
     902      2 cold              2  0.639     43.17      72        6.0000      485.54      1344.0    
     904      2 cold              2  0.639     44.31      72        6.0000      484.86      1344.0    
     906      2 cold              1  0.570     58.91      72        6.0000      578.21      1344.0    
     908      2 cold              2  0.535     18.97      72        6.0000      625.35      1344.0    
     910      2 cold              2  0.535     18.97      72        6.0000      625.35      1344.0    
     912      2 cold              2  0.535     19.07      72        6.0000      624.96      1344.0    
     914      2 cold              2  0.538     20.14      72        6.0000      621.24      1344.0    
     916      2 cold              2  0.543     22.58      72        6.0000      614.21      1344.0    
     918      2 cold              2  0.548     25.66      72        6.0000      607.35      1344.0    
     920      2 cold              2  0.552     28.79      72        6.0000      601.89      1344.0    
     922      2 cold              2  0.555     31.74      72        6.0000      597.68      1344.0    
     924      2 cold              2  0.558     34.46      72        6.0000      594.39      1344.0    
     926      2 cold              2  0.560     36.92      72        6.0000      591.79      1344.0    
     928      2 cold              2  0.561     39.13      72        6.0000      589.72      1344.0    
     930      2 cold              2  0.562     41.10      72        6.0000      588.05      1344.0    
     932      2 cold              2  0.563     42.85      72        6.0000      586.70      1344.0    
     934      2 cold              2  0.564     44.40      72        6.0000      585.59      1344.0    
     936      2 cold              2  0.565     45.76      72        6.0000      584.68      1344.0    
     938      2 cold              2  0.566     46.97      72        6.0000      583.93      1344.0    
     940      2 cold              1  0.503     61.75      72        6.0000      667.79      1344.0    
     942      2 cold              2  0.465     19.92      72        6.0000      718.73      1344.0    
     944      2 cold              2  0.465     19.92      72        6.0000      718.73      1344.0    
     946      2 cold              2  0.466     20.03      72        6.0000      718.32      1344.0    
     948      2 cold              2  0.469     21.14      72        6.0000      714.31      1344.0    
     950      2 cold              2  0.474     23.70      72        6.0000      706.73      1344.0    
     952      2 cold              2  0.480     26.93      72        6.0000      699.33      1344.0    
     954      2 cold              2  0.484     30.21      72        6.0000      693.43      1344.0    
     956      2 cold              2  0.487     33.30      72        6.0000      688.88      1344.0    
     958      2 cold              2  0.490     36.14      72        6.0000      685.32      1344.0    
     960      2 cold              2  0.492     38.72      72        6.0000      682.51      1344.0    
     962      2 cold              2  0.494     41.04      72        6.0000      680.26      1344.0    
     964      2 cold              2  0.495     43.10      72        6.0000      678.46      1344.0    
     966      2 cold              2  0.496     44.94      72        6.0000      676.99      1344.0    
     968      2 cold              2  0.497     46.55      72        6.0000      675.79      1344.0    
     970      2 cold              2  0.498     47.98      72        6.0000      674.81      1344.0    
     972      2 cold              2  0.499     49.24      72        6.0000      673.98      1344.0    
     974      2 cold              1  0.444     64.19      72        6.0000      747.26      1344.0    
     976      2 cold              2  0.404     20.73      72        6.0000      801.22      1344.0    
     978      2 cold              2  0.404     20.73      72        6.0000      801.22      1344.0    
     980      2 cold              2  0.404     20.84      72        6.0000      800.79      1344.0    
     982      2 cold              2  0.407     22.00      72        6.0000      796.56      1344.0    
     984      2 cold              2  0.413     24.66      72        6.0000      788.54      1344.0    
     986      2 cold              2  0.419     28.01      72        6.0000      780.70      1344.0    
     988      2 cold              2  0.424     31.42      72        6.0000      774.46      1344.0    
     990      2 cold              2  0.427     34.63      72        6.0000      769.63      1344.0    
     992      2 cold              2  0.430     37.59      72        6.0000      765.86      1344.0    
     994      2 cold              2  0.432     40.27      72        6.0000      762.88      1344.0    
     996      2 cold              2  0.434     42.67      72        6.0000      760.50      1344.0    
     998      2 cold              2  0.436     44.82      72        6.0000      758.58      1344.0    
    1000      2 cold              2  0.437     46.72      72        6.0000      757.03      1344.0    
    1002      2 cold              2  0.438     48.40      72        6.0000      755.76      1344.0    
    1004      2 cold              2  0.438     49.89      72        6.0000      754.71      1344.0    
    1006      2 cold              2  0.439     51.20      72        6.0000      753.84      1344.0    
    1008      2 cold              1  0.392     66.28      72        6.0000      816.77      1344.0    
    1010      2 cold              2  0.350     21.43      72        6.0000      873.12      1344.0    
    1012      2 cold              2  0.350     21.43      72        6.0000      873.12      1344.0    
    1014      2 cold              2  0.351     21.54      72        6.0000      872.66      1344.0    
    1016      2 cold              2  0.354     22.74      72        6.0000      868.26      1344.0    
    1018      2 cold              2  0.360     25.48      72        6.0000      859.90      1344.0    
    1020      2 cold              2  0.366     28.94      72        6.0000      851.72      1344.0    
    1022      2 cold              2  0.371     32.46      72        6.0000      845.20      1344.0    
    1024      2 cold              2  0.375     35.77      72        6.0000      840.16      1344.0    
    1026      2 cold              2  0.378     38.82      72        6.0000      836.22      1344.0    
    1028      2 cold              2  0.380     41.59      72        6.0000      833.11      1344.0    
    1030      2 cold              2  0.382     44.07      72        6.0000      830.62      1344.0    
    1032      2 cold              2  0.383     46.29      72        6.0000      828.61      1344.0    
    1034      2 cold              2  0.385     48.25      72        6.0000      826.99      1344.0    
    1036      2 cold              2  0.386     49.99      72        6.0000      825.66      1344.0    
    1038      2 cold              2  0.386     51.52      72        6.0000      824.56      1344.0    
    1040      2 cold              2  0.387     52.87      72        6.0000      823.65      1344.0    
    1042      2 cold              1  0.347     68.08      72        6.0000      877.12      1344.0    
    1044      2 cold              2  0.304     22.03      72        6.0000      935.37      1344.0    
    1046      2 cold              2  0.304     22.03      72        6.0000      935.37      1344.0    
    1048      2 cold              2  0.304     22.14      72        6.0000      934.91      1344.0    
    1050      2 cold              2  0.308     23.37      72        6.0000      930.36      1344.0    
    1052      2 cold              2  0.314     26.19      72        6.0000      921.72      1344.0    
    1054      2 cold              2  0.320     29.74      72        6.0000      913.28      1344.0    
    1056      2 cold              2  0.325     33.35      72        6.0000      906.54      1344.0    
    1058      2 cold              2  0.329     36.76      72        6.0000      901.33      1344.0    
    1060      2 cold              2  0.332     39.88      72        6.0000      897.26      1344.0    
    1062      2 cold              2  0.335     42.72      72        6.0000      894.03      1344.0    
    1064      2 cold              2  0.337     45.27      72        6.0000      891.46      1344.0    
    1066      2 cold              2  0.338     47.55      72        6.0000      889.38      1344.0    
    1068      2 cold              2  0.340     49.56      72        6.0000      887.70      1344.0    
    1070      2 cold              2  0.341     51.35      72        6.0000      886.33      1344.0    
    1072      2 cold              2  0.341     52.92      72        6.0000      885.19      1344.0    
    1074      2 cold              2  0.342     54.31      72        6.0000      884.25      1344.0    
    1076      2 cold              1  0.308     69.62      72        6.0000      929.38      1344.0    
    1078      2 cold              2  0.264     22.54      72        6.0000      989.16      1344.0    
    1080      2 cold              2  0.264     22.54      72        6.0000      989.16      1344.0    
    1082      2 cold              2  0.264     22.66      72        6.0000      988.68      1344.0    
    1084      2 cold              2  0.268     23.92      72        6.0000      984.02      1344.0    
    1086      2 cold              2  0.274     26.79      72        6.0000      975.17      1344.0    
    1088      2 cold              2  0.281     30.43      72        6.0000      966.50      1344.0    
    1090      2 cold              2  0.286     34.12      72        6.0000      959.59      1344.0    
    1092      2 cold              2  0.290     37.60      72        6.0000      954.25      1344.0    
    1094      2 cold              2  0.293     40.80      72        6.0000      950.07      1344.0    
    1096      2 cold              2  0.296     43.70      72        6.0000      946.76      1344.0    
    1098      2 cold              2  0.298     46.31      72        6.0000      944.11      1344.0    
    1100      2 cold              2  0.299     48.63      72        6.0000      941.98      1344.0    
    1102      2 cold              2  0.300     50.69      72        6.0000      940.25      1344.0    
    1104      2 cold              2  0.301     52.52      72        6.0000      938.84      1344.0    
    1106      2 cold              2  0.302     54.12      72        6.0000      937.68      1344.0    
    1108      2 cold              2  0.303     55.54      72        6.0000      936.71      1344.0    
    1110      2 cold              1  0.275     70.95      72        6.0000      974.64      1344.0    
    1112      2 cold              2  0.229     22.98      72        6.0000      1035.6      1344.0    
    1114      2 cold              2  0.229     22.98      72        6.0000      1035.6      1344.0    
    1116      2 cold              2  0.230     23.11      72        6.0000      1035.2      1344.0    
    1118      2 cold              2  0.233     24.39      72        6.0000      1030.4      1344.0    
    1120      2 cold              2  0.240     27.32      72        6.0000      1021.4      1344.0    
    1122      2 cold              2  0.247     31.02      72        6.0000      1012.5      1344.0    
    1124      2 cold              2  0.252     34.78      72        6.0000      1005.5      1344.0    
    1126      2 cold              2  0.256     38.33      72        6.0000      1000.0      1344.0    
    1128      2 cold              2  0.259     41.59      72        6.0000      995.77      1344.0    
    1130      2 cold              2  0.262     44.54      72        6.0000      992.39      1344.0    
    1132      2 cold              2  0.264     47.20      72        6.0000      989.69      1344.0    
    1134      2 cold              2  0.265     49.57      72        6.0000      987.51      1344.0    
    1136      2 cold              2  0.267     51.67      72        6.0000      985.75      1344.0    
    1138      2 cold              2  0.268     53.53      72        6.0000      984.30      1344.0    
    1140      2 cold              2  0.269     55.16      72        6.0000      983.11      1344.0    
    1142      2 cold              2  0.269     56.61      72        6.0000      982.12      1344.0    
    1144      3 germ.per          1  0.327     27.00      42        21.071      35063.      52116.    
    1146      3 germ.per          1  0.327     27.00      42        21.071      35063.      52116.    
    1148      3 germ.per          1  0.327     27.14      42        21.071      35050.      52116.    
    1150      3 germ.per          1  0.329     28.64      42        21.071      34972.      52116.    
    1152      3 germ.per          1  0.326     32.06      42        21.071      35111.      52116.    
    1154      3 germ.per          1  0.316     36.38      42        21.071      35667.      52116.    
    1156      3 germ.per          1  0.299     40.77      42        21.071      36512.      52116.    
    1158      3 germ.per          1  0.280     44.91      42        21.071      37541.      52116.    
    1160      3 germ.per          1  0.258     48.72      42        21.071      38690.      52116.    
    1162      3 germ.per          1  0.234     52.17      42        21.071      39896.      52116.    
    1164      3 germ.per          1  0.211     55.27      42        21.071      41095.      52116.    
    1166      3 germ.per          1  0.190     58.04      42        21.071      42239.      52116.    
    1168      3 germ.per          1  0.169     60.49      42        21.071      43299.      52116.    
    1170      3 germ.per          1  0.151     62.66      42        21.071      44262.      52116.    
    1172      3 germ.per          1  0.134     64.57      42        21.071      45125.      52116.    
    1174      3 germ.per          1  0.119     66.26      42        21.071      45894.      52116.    
    1176      3 germ.per          1  0.271     11.08      42        21.071      38010.      52116.    
    1183      3 germ.per          2  0.890      4.38      42        21.071      5709.3      52116.    
    1185      3 germ.per          2  0.848      5.01      42        21.071      7900.8      52116.    
    1187      3 germ.per          2  0.803      5.60      42        21.071      10249.      52116.    
    1189      3 germ.per          2  0.757      6.15      42        21.071      12654.      52116.    
    1191      3 germ.per          2  0.712      6.65      42        21.071      15030.      52116.    
    1193      3 germ.per          2  0.668      7.09      42        21.071      17293.      52116.    
    1195      3 germ.per          2  0.628      7.49      42        21.071      19386.      52116.    
    1197      3 germ.per          2  0.592      7.84      42        21.071      21280.      52116.    
    1199      3 germ.per          2  0.559      8.15      42        21.071      22969.      52116.    
    1201      3 germ.per          2  0.531      8.43      42        21.071      24462.      52116.    
    1203      3 germ.per          2  0.505      8.67      42        21.071      25776.      52116.    
    1205      3 germ.per          1  0.305     16.20      42        21.071      36198.      52116.    
    1207      3 germ.per          2  0.944      4.73      42        21.071      2939.0      52116.    
    1209      3 germ.per          2  0.944      4.73      42        21.071      2939.0      52116.    
    1211      3 germ.per          2  0.944      4.76      42        21.071      2942.9      52116.    
    1213      3 germ.per          2  0.941      5.07      42        21.071      3097.0      52116.    
    1215      3 germ.per          2  0.924      5.77      42        21.071      3972.2      52116.    
    1217      3 germ.per          2  0.892      6.65      42        21.071      5614.7      52116.    
    1219      3 germ.per          2  0.854      7.55      42        21.071      7613.9      52116.    
    1221      3 germ.per          2  0.813      8.40      42        21.071      9768.6      52116.    
    1223      3 germ.per          2  0.770      9.18      42        21.071      11995.      52116.    
    1225      3 germ.per          2  0.727      9.88      42        21.071      14209.      52116.    
    1227      3 germ.per          2  0.687     10.52      42        21.071      16333.      52116.    
    1229      3 germ.per          2  0.649     11.09      42        21.071      18307.      52116.    
    1231      3 germ.per          2  0.614     11.59      42        21.071      20101.      52116.    
    1233      3 germ.per          2  0.583     12.03      42        21.071      21706.      52116.    
    1235      3 germ.per          2  0.556     12.42      42        21.071      23130.      52116.    
    1237      3 germ.per          2  0.532     12.77      42        21.071      24386.      52116.    
    1239      3 germ.per          1  0.321     23.60      42        21.071      35386.      52116.    
    1241      3 germ.per          2  0.930      7.20      42        21.071      3648.7      52116.    
    1243      3 germ.per          2  0.930      7.20      42        21.071      3648.7      52116.    
    1245      3 germ.per          2  0.930      7.24      42        21.071      3657.3      52116.    
    1247      3 germ.per          2  0.926      7.68      42        21.071      3837.5      52116.    
    1249      3 germ.per          2  0.910      8.68      42        21.071      4677.9      52116.    
    1251      3 germ.per          2  0.881      9.95      42        21.071      6197.4      52116.    
    1253      3 germ.per          2  0.846     11.23      42        21.071      8045.6      52116.    
    1255      3 germ.per          2  0.807     12.45      42        21.071      10052.      52116.    
    1257      3 germ.per          2  0.767     13.56      42        21.071      12140.      52116.    
    1259      3 germ.per          2  0.727     14.57      42        21.071      14232.      52116.    
    1261      3 germ.per          2  0.688     15.48      42        21.071      16247.      52116.    
    1263      3 germ.per          2  0.652     16.29      42        21.071      18127.      52116.    
    1265      3 germ.per          2  0.619     17.01      42        21.071      19841.      52116.    
    1267      3 germ.per          2  0.590     17.64      42        21.071      21379.      52116.    
    1269      3 germ.per          2  0.564     18.20      42        21.071      22745.      52116.    
    1271      3 germ.per          2  0.540     18.70      42        21.071      23952.      52116.    
    1273      3 germ.per          1  0.318     30.45      42        21.071      35559.      52116.    
    1275      3 germ.per          2  0.905      9.48      42        21.071      4964.7      52116.    
    1277      3 germ.per          2  0.905      9.49      42        21.071      4964.7      52116.    
    1279      3 germ.per          2  0.905      9.54      42        21.071      4976.3      52116.    
    1281      3 germ.per          2  0.901     10.10      42        21.071      5174.0      52116.    
    1283      3 germ.per          2  0.885     11.38      42        21.071      5996.5      52116.    
    1285      3 germ.per          2  0.857     13.00      42        21.071      7440.5      52116.    
    1287      3 germ.per          2  0.824     14.64      42        21.071      9190.9      52116.    
    1289      3 germ.per          2  0.787     16.19      42        21.071      11098.      52116.    
    1291      3 germ.per          2  0.749     17.62      42        21.071      13093.      52116.    
    1293      3 germ.per          2  0.710     18.91      42        21.071      15098.      52116.    
    1295      3 germ.per          2  0.673     20.07      42        21.071      17034.      52116.    
    1297      3 germ.per          2  0.638     21.11      42        21.071      18845.      52116.    
    1299      3 germ.per          2  0.607     22.03      42        21.071      20497.      52116.    
    1301      3 germ.per          2  0.578     22.84      42        21.071      21982.      52116.    
    1303      3 germ.per          2  0.553     23.55      42        21.071      23302.      52116.    
    1305      3 germ.per          2  0.530     24.18      42        21.071      24469.      52116.    
    1307      3 germ.per          1  0.303     36.70      42        21.071      36349.      52116.    
    1309      3 germ.per          2  0.868     11.57      42        21.071      6874.6      52116.    
    1311      3 germ.per          2  0.868     11.57      42        21.071      6874.6      52116.    
    1313      3 germ.per          2  0.868     11.63      42        21.071      6887.9      52116.    
    1315      3 germ.per          2  0.864     12.30      42        21.071      7095.0      52116.    
    1317      3 germ.per          2  0.849     13.84      42        21.071      7894.9      52116.    
    1319      3 germ.per          2  0.822     15.78      42        21.071      9268.5      52116.    
    1321      3 germ.per          2  0.790     17.75      42        21.071      10930.      52116.    
    1323      3 germ.per          2  0.755     19.60      42        21.071      12746.      52116.    
    1325      3 germ.per          2  0.719     21.31      42        21.071      14654.      52116.    
    1327      3 germ.per          2  0.682     22.86      42        21.071      16578.      52116.    
    1329      3 germ.per          2  0.646     24.25      42        21.071      18441.      52116.    
    1331      3 germ.per          2  0.613     25.49      42        21.071      20185.      52116.    
    1333      3 germ.per          2  0.582     26.59      42        21.071      21779.      52116.    
    1335      3 germ.per          2  0.555     27.57      42        21.071      23211.      52116.    
    1337      3 germ.per          2  0.530     28.43      42        21.071      24486.      52116.    
    1339      3 germ.per          2  0.509     29.18      42        21.071      25614.      52116.    
    1341      3 germ.per          1  0.279     42.33      42        21.071      37554.      52116.    
    1343      3 germ.per          2  0.823     13.44      42        21.071      9238.0      52116.    
    1345      3 germ.per          2  0.823     13.44      42        21.071      9238.0      52116.    
    1347      3 germ.per          2  0.822     13.52      42        21.071      9252.0      52116.    
    1349      3 germ.per          2  0.819     14.29      42        21.071      9458.6      52116.    
    1351      3 germ.per          2  0.804     16.05      42        21.071      10224.      52116.    
    1353      3 germ.per          2  0.779     18.28      42        21.071      11523.      52116.    
    1355      3 germ.per          2  0.749     20.54      42        21.071      13094.      52116.    
    1357      3 germ.per          2  0.716     22.68      42        21.071      14821.      52116.    
    1359      3 germ.per          2  0.681     24.64      42        21.071      16643.      52116.    
    1361      3 germ.per          2  0.645     26.42      42        21.071      18486.      52116.    
    1363      3 germ.per          2  0.611     28.02      42        21.071      20275.      52116.    
    1365      3 germ.per          2  0.579     29.45      42        21.071      21952.      52116.    
    1367      3 germ.per          2  0.549     30.71      42        21.071      23487.      52116.    
    1369      3 germ.per          2  0.523     31.83      42        21.071      24867.      52116.    
    1371      3 germ.per          2  0.499     32.82      42        21.071      26097.      52116.    
    1373      3 germ.per          2  0.478     33.69      42        21.071      27185.      52116.    
    1375      3 germ.per          1  0.252     47.34      42        21.071      38992.      52116.    
    1377      3 germ.per          2  0.773     15.11      42        21.071      11833.      52116.    
    1379      3 germ.per          2  0.773     15.11      42        21.071      11833.      52116.    
    1381      3 germ.per          2  0.773     15.20      42        21.071      11846.      52116.    
    1383      3 germ.per          2  0.769     16.06      42        21.071      12043.      52116.    
    1385      3 germ.per          2  0.755     18.02      42        21.071      12763.      52116.    
    1387      3 germ.per          2  0.732     20.51      42        21.071      13985.      52116.    
    1389      3 germ.per          2  0.703     23.04      42        21.071      15468.      52116.    
    1391      3 germ.per          2  0.672     25.42      42        21.071      17108.      52116.    
    1393      3 germ.per          2  0.638     27.61      42        21.071      18847.      52116.    
    1395      3 germ.per          2  0.604     29.60      42        21.071      20612.      52116.    
    1397      3 germ.per          2  0.572     31.38      42        21.071      22329.      52116.    
    1399      3 germ.per          2  0.541     32.97      42        21.071      23941.      52116.    
    1401      3 germ.per          2  0.512     34.38      42        21.071      25418.      52116.    
    1403      3 germ.per          2  0.487     35.63      42        21.071      26747.      52116.    
    1405      3 germ.per          2  0.464     36.73      42        21.071      27932.      52116.    
    1407      3 germ.per          2  0.444     37.70      42        21.071      28981.      52116.    
    1409      3 germ.per          1  0.223     51.75      42        21.071      40501.      52116.    
    1411      3 germ.per          2  0.723     16.58      42        21.071      14438.      52116.    
    1413      3 germ.per          2  0.723     16.58      42        21.071      14438.      52116.    
    1415      3 germ.per          2  0.723     16.67      42        21.071      14450.      52116.    
    1417      3 germ.per          2  0.719     17.61      42        21.071      14630.      52116.    
    1419      3 germ.per          2  0.706     19.76      42        21.071      15299.      52116.    
    1421      3 germ.per          2  0.684     22.48      42        21.071      16444.      52116.    
    1423      3 germ.per          2  0.658     25.23      42        21.071      17846.      52116.    
    1425      3 germ.per          2  0.628     27.83      42        21.071      19405.      52116.    
    1427      3 germ.per          2  0.596     30.22      42        21.071      21067.      52116.    
    1429      3 germ.per          2  0.563     32.39      42        21.071      22760.      52116.    
    1431      3 germ.per          2  0.532     34.34      42        21.071      24410.      52116.    
    1433      3 germ.per          2  0.502     36.07      42        21.071      25962.      52116.    
    1435      3 germ.per          2  0.475     37.61      42        21.071      27385.      52116.    
    1437      3 germ.per          2  0.450     38.98      42        21.071      28667.      52116.    
    1439      3 germ.per          2  0.428     40.18      42        21.071      29810.      52116.    
    1441      3 germ.per          2  0.409     41.24      42        21.071      30822.      52116.    
    1443      3 germ.per          1  0.195     55.59      42        21.071      41960.      52116.    
    1445      3 germ.per          2  0.676     17.86      42        21.071      16891.      52116.    
    1447      3 germ.per          2  0.676     17.86      42        21.071      16891.      52116.    
    1449      3 germ.per          2  0.676     17.96      42        21.071      16901.      52116.    
    1451      3 germ.per          2  0.673     18.97      42        21.071      17060.      52116.    
    1453      3 germ.per          2  0.661     21.27      42        21.071      17676.      52116.    
    1455      3 germ.per          2  0.640     24.18      42        21.071      18750.      52116.    
    1457      3 germ.per          2  0.615     27.14      42        21.071      20079.      52116.    
    1459      3 germ.per          2  0.586     29.93      42        21.071      21567.      52116.    
    1461      3 germ.per          2  0.556     32.50      42        21.071      23161.      52116.    
    1463      3 germ.per          2  0.524     34.82      42        21.071      24789.      52116.    
    1465      3 germ.per          2  0.494     36.91      42        21.071      26380.      52116.    
    1467      3 germ.per          2  0.465     38.77      42        21.071      27878.      52116.    
    1469      3 germ.per          2  0.439     40.43      42        21.071      29253.      52116.    
    1471      3 germ.per          2  0.415     41.89      42        21.071      30492.      52116.    
    1473      3 germ.per          2  0.394     43.17      42        21.071      31598.      52116.    
    1475      3 germ.per          2  0.375     44.31      42        21.071      32578.      52116.    
    1477      3 germ.per          1  0.169     58.91      42        21.071      43301.      52116.    
    1479      3 germ.per          2  0.633     18.97      42        21.071      19103.      52116.    
    1481      3 germ.per          2  0.633     18.97      42        21.071      19103.      52116.    
    1483      3 germ.per          2  0.633     19.07      42        21.071      19111.      52116.    
    1485      3 germ.per          2  0.631     20.14      42        21.071      19248.      52116.    
    1487      3 germ.per          2  0.620     22.58      42        21.071      19813.      52116.    
    1489      3 germ.per          2  0.600     25.66      42        21.071      20823.      52116.    
    1491      3 germ.per          2  0.576     28.79      42        21.071      22088.      52116.    
    1493      3 germ.per          2  0.549     31.74      42        21.071      23515.      52116.    
    1495      3 germ.per          2  0.519     34.46      42        21.071      25050.      52116.    
    1497      3 germ.per          2  0.489     36.92      42        21.071      26622.      52116.    
    1499      3 germ.per          2  0.460     39.13      42        21.071      28161.      52116.    
    1501      3 germ.per          2  0.432     41.10      42        21.071      29612.      52116.    
    1503      3 germ.per          2  0.406     42.85      42        21.071      30946.      52116.    
    1505      3 germ.per          2  0.383     44.40      42        21.071      32149.      52116.    
    1507      3 germ.per          2  0.363     45.76      42        21.071      33222.      52116.    
    1509      3 germ.per          2  0.344     46.97      42        21.071      34174.      52116.    
    1511      3 germ.per          1  0.146     61.75      42        21.071      44493.      52116.    
    1513      3 germ.per          2  0.596     19.92      42        21.071      21044.      52116.    
    1515      3 germ.per          2  0.596     19.92      42        21.071      21044.      52116.    
    1517      3 germ.per          2  0.596     20.03      42        21.071      21050.      52116.    
    1519      3 germ.per          2  0.594     21.14      42        21.071      21166.      52116.    
    1521      3 germ.per          2  0.584     23.70      42        21.071      21683.      52116.    
    1523      3 germ.per          2  0.566     26.93      42        21.071      22638.      52116.    
    1525      3 germ.per          2  0.542     30.21      42        21.071      23849.      52116.    
    1527      3 germ.per          2  0.516     33.30      42        21.071      25224.      52116.    
    1529      3 germ.per          2  0.488     36.14      42        21.071      26708.      52116.    
    1531      3 germ.per          2  0.458     38.72      42        21.071      28233.      52116.    
    1533      3 germ.per          2  0.430     41.04      42        21.071      29728.      52116.    
    1535      3 germ.per          2  0.402     43.10      42        21.071      31139.      52116.    
    1537      3 germ.per          2  0.378     44.94      42        21.071      32437.      52116.    
    1539      3 germ.per          2  0.355     46.55      42        21.071      33609.      52116.    
    1541      3 germ.per          2  0.335     47.98      42        21.071      34655.      52116.    
    1543      3 germ.per          2  0.317     49.24      42        21.071      35583.      52116.    
    1545      3 germ.per          1  0.126     64.19      42        21.071      45532.      52116.    
    1547      3 germ.per          2  0.564     20.73      42        21.071      22722.      52116.    
    1549      3 germ.per          2  0.564     20.73      42        21.071      22722.      52116.    
    1551      3 germ.per          2  0.564     20.84      42        21.071      22726.      52116.    
    1553      3 germ.per          2  0.562     22.00      42        21.071      22821.      52116.    
    1555      3 germ.per          2  0.553     24.66      42        21.071      23297.      52116.    
    1557      3 germ.per          2  0.536     28.01      42        21.071      24203.      52116.    
    1559      3 germ.per          2  0.513     31.42      42        21.071      25368.      52116.    
    1561      3 germ.per          2  0.488     34.63      42        21.071      26699.      52116.    
    1563      3 germ.per          2  0.460     37.59      42        21.071      28141.      52116.    
    1565      3 germ.per          2  0.432     40.27      42        21.071      29625.      52116.    
    1567      3 germ.per          2  0.404     42.67      42        21.071      31083.      52116.    
    1569      3 germ.per          2  0.377     44.82      42        21.071      32461.      52116.    
    1571      3 germ.per          2  0.353     46.72      42        21.071      33728.      52116.    
    1573      3 germ.per          2  0.331     48.40      42        21.071      34874.      52116.    
    1575      3 germ.per          2  0.311     49.89      42        21.071      35897.      52116.    
    1577      3 germ.per          2  0.294     51.20      42        21.071      36804.      52116.    
    1579      3 germ.per          1  0.109     66.28      42        21.071      46430.      52116.    
    1581      3 germ.per          2  0.536     21.43      42        21.071      24160.      52116.    
    1583      3 germ.per          2  0.536     21.43      42        21.071      24160.      52116.    
    1585      3 germ.per          2  0.536     21.54      42        21.071      24162.      52116.    
    1587      3 germ.per          2  0.535     22.74      42        21.071      24240.      52116.    
    1589      3 germ.per          2  0.526     25.48      42        21.071      24678.      52116.    
    1591      3 germ.per          2  0.510     28.94      42        21.071      25544.      52116.    
    1593      3 germ.per          2  0.488     32.46      42        21.071      26670.      52116.    
    1595      3 germ.per          2  0.463     35.77      42        21.071      27964.      52116.    
    1597      3 germ.per          2  0.436     38.82      42        21.071      29370.      52116.    
    1599      3 germ.per          2  0.409     41.59      42        21.071      30820.      52116.    
    1601      3 germ.per          2  0.381     44.07      42        21.071      32246.      52116.    
    1603      3 germ.per          2  0.355     46.29      42        21.071      33596.      52116.    
    1605      3 germ.per          2  0.332     48.25      42        21.071      34838.      52116.    
    1607      3 germ.per          2  0.310     49.99      42        21.071      35961.      52116.    
    1609      3 germ.per          2  0.291     51.52      42        21.071      36964.      52116.    
    1611      3 germ.per          2  0.274     52.87      42        21.071      37855.      52116.    
    1613      3 germ.per          1  0.094     68.08      42        21.071      47201.      52116.    
    1615      3 germ.per          2  0.513     22.03      42        21.071      25389.      52116.    
    1617      3 germ.per          2  0.513     22.03      42        21.071      25389.      52116.    
    1619      3 germ.per          2  0.513     22.14      42        21.071      25390.      52116.    
    1621      3 germ.per          2  0.512     23.37      42        21.071      25452.      52116.    
    1623      3 germ.per          2  0.504     26.19      42        21.071      25858.      52116.    
    1625      3 germ.per          2  0.488     29.74      42        21.071      26689.      52116.    
    1627      3 germ.per          2  0.467     33.35      42        21.071      27782.      52116.    
    1629      3 germ.per          2  0.443     36.76      42        21.071      29044.      52116.    
    1631      3 germ.per          2  0.416     39.88      42        21.071      30420.      52116.    
    1633      3 germ.per          2  0.389     42.72      42        21.071      31842.      52116.    
    1635      3 germ.per          2  0.362     45.27      42        21.071      33242.      52116.    
    1637      3 germ.per          2  0.337     47.55      42        21.071      34567.      52116.    
    1639      3 germ.per          2  0.313     49.56      42        21.071      35788.      52116.    
    1641      3 germ.per          2  0.292     51.35      42        21.071      36892.      52116.    
    1643      3 germ.per          2  0.273     52.92      42        21.071      37879.      52116.    
    1645      3 germ.per          2  0.256     54.31      42        21.071      38756.      52116.    
    1647      3 germ.per          1  0.082     69.62      42        21.071      47864.      52116.    
    1649      3 germ.per          2  0.493     22.54      42        21.071      26441.      52116.    
    1651      3 germ.per          2  0.493     22.54      42        21.071      26441.      52116.    
    1653      3 germ.per          2  0.493     22.66      42        21.071      26441.      52116.    
    1655      3 germ.per          2  0.492     23.92      42        21.071      26488.      52116.    
    1657      3 germ.per          2  0.484     26.79      42        21.071      26867.      52116.    
    1659      3 germ.per          2  0.469     30.43      42        21.071      27667.      52116.    
    1661      3 germ.per          2  0.449     34.12      42        21.071      28732.      52116.    
    1663      3 germ.per          2  0.425     37.60      42        21.071      29969.      52116.    
    1665      3 germ.per          2  0.399     40.80      42        21.071      31319.      52116.    
    1667      3 germ.per          2  0.372     43.70      42        21.071      32717.      52116.    
    1669      3 germ.per          2  0.346     46.31      42        21.071      34094.      52116.    
    1671      3 germ.per          2  0.321     48.63      42        21.071      35399.      52116.    
    1673      3 germ.per          2  0.298     50.69      42        21.071      36601.      52116.    
    1675      3 germ.per          2  0.277     52.52      42        21.071      37690.      52116.    
    1677      3 germ.per          2  0.258     54.12      42        21.071      38663.      52116.    
    1679      3 germ.per          2  0.242     55.54      42        21.071      39527.      52116.    
    1681      3 germ.per          1  0.071     70.95      42        21.071      48434.      52116.    
    1683      3 germ.per          2  0.475     22.98      42        21.071      27343.      52116.    
    1685      3 germ.per          2  0.475     22.98      42        21.071      27343.      52116.    
    1687      3 germ.per          2  0.475     23.11      42        21.071      27341.      52116.    
    1689      3 germ.per          2  0.475     24.39      42        21.071      27377.      52116.    
    1691      3 germ.per          2  0.468     27.32      42        21.071      27731.      52116.    
    1693      3 germ.per          2  0.453     31.02      42        21.071      28506.      52116.    
    1695      3 germ.per          2  0.433     34.78      42        21.071      29547.      52116.    
    1697      3 germ.per          2  0.410     38.33      42        21.071      30761.      52116.    
    1699      3 germ.per          2  0.384     41.59      42        21.071      32090.      52116.    
    1701      3 germ.per          2  0.358     44.54      42        21.071      33467.      52116.    
    1703      3 germ.per          2  0.332     47.20      42        21.071      34825.      52116.    
    1705      3 germ.per          2  0.307     49.57      42        21.071      36112.      52116.    
    1707      3 germ.per          2  0.284     51.67      42        21.071      37300.      52116.    
    1709      3 germ.per          2  0.264     53.53      42        21.071      38375.      52116.    
    1711      3 germ.per          2  0.245     55.16      42        21.071      39336.      52116.    
    1713      3 germ.per          2  0.229     56.61      42        21.071      40190.      52116.    
