ModelNum    warm        cold    
       2      0.2000      1.0000
       4      0.4000      1.0000
       6      0.6000      1.0000
       8      0.8000      1.0000
      10      1.0000      1.0000
      12      1.2000      1.0000
      14      1.4000      1.0000
      16      1.6000      1.0000
      18      1.8000      1.0000
      20      2.0000      1.0000
      22      2.2000      1.0000
      24      2.4000      1.0000
      26      2.6000      1.0000
      28      2.8000      1.0000
      30      3.0000      1.0000
      32      3.2000      1.0000
      34      1.0000      0.6000
      41      1.2000      0.6000
      43      1.4000      0.6000
      45      1.6000      0.6000
      47      1.8000      0.6000
      49      2.0000      0.6000
      51      2.2000      0.6000
      53      2.4000      0.6000
      55      2.6000      0.6000
      57      2.8000      0.6000
      59      3.0000      0.6000
      61      3.2000      0.6000
      63      1.0000      1.2000
      65      0.2000      1.2000
      67      0.4000      1.2000
      69      0.6000      1.2000
      71      0.8000      1.2000
      73      1.0000      1.2000
      75      1.2000      1.2000
      77      1.4000      1.2000
      79      1.6000      1.2000
      81      1.8000      1.2000
      83      2.0000      1.2000
      85      2.2000      1.2000
      87      2.4000      1.2000
      89      2.6000      1.2000
      91      2.8000      1.2000
      93      3.0000      1.2000
      95      3.2000      1.2000
      97      1.0000      1.8000
      99      0.2000      1.8000
     101      0.4000      1.8000
     103      0.6000      1.8000
     105      0.8000      1.8000
     107      1.0000      1.8000
     109      1.2000      1.8000
     111      1.4000      1.8000
     113      1.6000      1.8000
     115      1.8000      1.8000
     117      2.0000      1.8000
     119      2.2000      1.8000
     121      2.4000      1.8000
     123      2.6000      1.8000
     125      2.8000      1.8000
     127      3.0000      1.8000
     129      3.2000      1.8000
     131      1.0000      2.4000
     133      0.2000      2.4000
     135      0.4000      2.4000
     137      0.6000      2.4000
     139      0.8000      2.4000
     141      1.0000      2.4000
     143      1.2000      2.4000
     145      1.4000      2.4000
     147      1.6000      2.4000
     149      1.8000      2.4000
     151      2.0000      2.4000
     153      2.2000      2.4000
     155      2.4000      2.4000
     157      2.6000      2.4000
     159      2.8000      2.4000
     161      3.0000      2.4000
     163      3.2000      2.4000
     165      1.0000      3.0000
     167      0.2000      3.0000
     169      0.4000      3.0000
     171      0.6000      3.0000
     173      0.8000      3.0000
     175      1.0000      3.0000
     177      1.2000      3.0000
     179      1.4000      3.0000
     181      1.6000      3.0000
     183      1.8000      3.0000
     185      2.0000      3.0000
     187      2.2000      3.0000
     189      2.4000      3.0000
     191      2.6000      3.0000
     193      2.8000      3.0000
     195      3.0000      3.0000
     197      3.2000      3.0000
     199      1.0000      3.6000
     201      0.2000      3.6000
     203      0.4000      3.6000
     205      0.6000      3.6000
     207      0.8000      3.6000
     209      1.0000      3.6000
     211      1.2000      3.6000
     213      1.4000      3.6000
     215      1.6000      3.6000
     217      1.8000      3.6000
     219      2.0000      3.6000
     221      2.2000      3.6000
     223      2.4000      3.6000
     225      2.6000      3.6000
     227      2.8000      3.6000
     229      3.0000      3.6000
     231      3.2000      3.6000
     233      1.0000      4.2000
     235      0.2000      4.2000
     237      0.4000      4.2000
     239      0.6000      4.2000
     241      0.8000      4.2000
     243      1.0000      4.2000
     245      1.2000      4.2000
     247      1.4000      4.2000
     249      1.6000      4.2000
     251      1.8000      4.2000
     253      2.0000      4.2000
     255      2.2000      4.2000
     257      2.4000      4.2000
     259      2.6000      4.2000
     261      2.8000      4.2000
     263      3.0000      4.2000
     265      3.2000      4.2000
     267      1.0000      4.8000
     269      0.2000      4.8000
     271      0.4000      4.8000
     273      0.6000      4.8000
     275      0.8000      4.8000
     277      1.0000      4.8000
     279      1.2000      4.8000
     281      1.4000      4.8000
     283      1.6000      4.8000
     285      1.8000      4.8000
     287      2.0000      4.8000
     289      2.2000      4.8000
     291      2.4000      4.8000
     293      2.6000      4.8000
     295      2.8000      4.8000
     297      3.0000      4.8000
     299      3.2000      4.8000
     301      1.0000      5.4000
     303      0.2000      5.4000
     305      0.4000      5.4000
     307      0.6000      5.4000
     309      0.8000      5.4000
     311      1.0000      5.4000
     313      1.2000      5.4000
     315      1.4000      5.4000
     317      1.6000      5.4000
     319      1.8000      5.4000
     321      2.0000      5.4000
     323      2.2000      5.4000
     325      2.4000      5.4000
     327      2.6000      5.4000
     329      2.8000      5.4000
     331      3.0000      5.4000
     333      3.2000      5.4000
     335      1.0000      6.0000
     337      0.2000      6.0000
     339      0.4000      6.0000
     341      0.6000      6.0000
     343      0.8000      6.0000
     345      1.0000      6.0000
     347      1.2000      6.0000
     349      1.4000      6.0000
     351      1.6000      6.0000
     353      1.8000      6.0000
     355      2.0000      6.0000
     357      2.2000      6.0000
     359      2.4000      6.0000
     361      2.6000      6.0000
     363      2.8000      6.0000
     365      3.0000      6.0000
     367      3.2000      6.0000
     369      1.0000      6.6000
     371      0.2000      6.6000
     373      0.4000      6.6000
     375      0.6000      6.6000
     377      0.8000      6.6000
     379      1.0000      6.6000
     381      1.2000      6.6000
     383      1.4000      6.6000
     385      1.6000      6.6000
     387      1.8000      6.6000
     389      2.0000      6.6000
     391      2.2000      6.6000
     393      2.4000      6.6000
     395      2.6000      6.6000
     397      2.8000      6.6000
     399      3.0000      6.6000
     401      3.2000      6.6000
     403      1.0000      7.2000
     405      0.2000      7.2000
     407      0.4000      7.2000
     409      0.6000      7.2000
     411      0.8000      7.2000
     413      1.0000      7.2000
     415      1.2000      7.2000
     417      1.4000      7.2000
     419      1.6000      7.2000
     421      1.8000      7.2000
     423      2.0000      7.2000
     425      2.2000      7.2000
     427      2.4000      7.2000
     429      2.6000      7.2000
     431      2.8000      7.2000
     433      3.0000      7.2000
     435      3.2000      7.2000
     437      1.0000      7.8000
     439      0.2000      7.8000
     441      0.4000      7.8000
     443      0.6000      7.8000
     445      0.8000      7.8000
     447      1.0000      7.8000
     449      1.2000      7.8000
     451      1.4000      7.8000
     453      1.6000      7.8000
     455      1.8000      7.8000
     457      2.0000      7.8000
     459      2.2000      7.8000
     461      2.4000      7.8000
     463      2.6000      7.8000
     465      2.8000      7.8000
     467      3.0000      7.8000
     469      3.2000      7.8000
     471      1.0000      8.4000
     473      0.2000      8.4000
     475      0.4000      8.4000
     477      0.6000      8.4000
     479      0.8000      8.4000
     481      1.0000      8.4000
     483      1.2000      8.4000
     485      1.4000      8.4000
     487      1.6000      8.4000
     489      1.8000      8.4000
     491      2.0000      8.4000
     493      2.2000      8.4000
     495      2.4000      8.4000
     497      2.6000      8.4000
     499      2.8000      8.4000
     501      3.0000      8.4000
     503      3.2000      8.4000
     505      1.0000      9.0000
     507      0.2000      9.0000
     509      0.4000      9.0000
     511      0.6000      9.0000
     513      0.8000      9.0000
     515      1.0000      9.0000
     517      1.2000      9.0000
     519      1.4000      9.0000
     521      1.6000      9.0000
     523      1.8000      9.0000
     525      2.0000      9.0000
     527      2.2000      9.0000
     529      2.4000      9.0000
     531      2.6000      9.0000
     533      2.8000      9.0000
     535      3.0000      9.0000
     537      3.2000      9.0000
     539      1.0000      9.6000
     541      0.2000      9.6000
     543      0.4000      9.6000
     545      0.6000      9.6000
     547      0.8000      9.6000
     549      1.0000      9.6000
     551      1.2000      9.6000
     553      1.4000      9.6000
     555      1.6000      9.6000
     557      1.8000      9.6000
     559      2.0000      9.6000
     561      2.2000      9.6000
     563      2.4000      9.6000
     565      2.6000      9.6000
     567      2.8000      9.6000
     569      3.0000      9.6000
     571      3.2000      9.6000
     573      0.2000      1.0000
     575      0.4000      1.0000
     577      0.6000      1.0000
     579      0.8000      1.0000
     581      1.0000      1.0000
     583      1.2000      1.0000
     585      1.4000      1.0000
     587      1.6000      1.0000
     589      1.8000      1.0000
     591      2.0000      1.0000
     593      2.2000      1.0000
     595      2.4000      1.0000
     597      2.6000      1.0000
     599      2.8000      1.0000
     601      3.0000      1.0000
     603      3.2000      1.0000
     605      1.0000      0.6000
     612      1.2000      0.6000
     614      1.4000      0.6000
     616      1.6000      0.6000
     618      1.8000      0.6000
     620      2.0000      0.6000
     622      2.2000      0.6000
     624      2.4000      0.6000
     626      2.6000      0.6000
     628      2.8000      0.6000
     630      3.0000      0.6000
     632      3.2000      0.6000
     634      1.0000      1.2000
     636      0.2000      1.2000
     638      0.4000      1.2000
     640      0.6000      1.2000
     642      0.8000      1.2000
     644      1.0000      1.2000
     646      1.2000      1.2000
     648      1.4000      1.2000
     650      1.6000      1.2000
     652      1.8000      1.2000
     654      2.0000      1.2000
     656      2.2000      1.2000
     658      2.4000      1.2000
     660      2.6000      1.2000
     662      2.8000      1.2000
     664      3.0000      1.2000
     666      3.2000      1.2000
     668      1.0000      1.8000
     670      0.2000      1.8000
     672      0.4000      1.8000
     674      0.6000      1.8000
     676      0.8000      1.8000
     678      1.0000      1.8000
     680      1.2000      1.8000
     682      1.4000      1.8000
     684      1.6000      1.8000
     686      1.8000      1.8000
     688      2.0000      1.8000
     690      2.2000      1.8000
     692      2.4000      1.8000
     694      2.6000      1.8000
     696      2.8000      1.8000
     698      3.0000      1.8000
     700      3.2000      1.8000
     702      1.0000      2.4000
     704      0.2000      2.4000
     706      0.4000      2.4000
     708      0.6000      2.4000
     710      0.8000      2.4000
     712      1.0000      2.4000
     714      1.2000      2.4000
     716      1.4000      2.4000
     718      1.6000      2.4000
     720      1.8000      2.4000
     722      2.0000      2.4000
     724      2.2000      2.4000
     726      2.4000      2.4000
     728      2.6000      2.4000
     730      2.8000      2.4000
     732      3.0000      2.4000
     734      3.2000      2.4000
     736      1.0000      3.0000
     738      0.2000      3.0000
     740      0.4000      3.0000
     742      0.6000      3.0000
     744      0.8000      3.0000
     746      1.0000      3.0000
     748      1.2000      3.0000
     750      1.4000      3.0000
     752      1.6000      3.0000
     754      1.8000      3.0000
     756      2.0000      3.0000
     758      2.2000      3.0000
     760      2.4000      3.0000
     762      2.6000      3.0000
     764      2.8000      3.0000
     766      3.0000      3.0000
     768      3.2000      3.0000
     770      1.0000      3.6000
     772      0.2000      3.6000
     774      0.4000      3.6000
     776      0.6000      3.6000
     778      0.8000      3.6000
     780      1.0000      3.6000
     782      1.2000      3.6000
     784      1.4000      3.6000
     786      1.6000      3.6000
     788      1.8000      3.6000
     790      2.0000      3.6000
     792      2.2000      3.6000
     794      2.4000      3.6000
     796      2.6000      3.6000
     798      2.8000      3.6000
     800      3.0000      3.6000
     802      3.2000      3.6000
     804      1.0000      4.2000
     806      0.2000      4.2000
     808      0.4000      4.2000
     810      0.6000      4.2000
     812      0.8000      4.2000
     814      1.0000      4.2000
     816      1.2000      4.2000
     818      1.4000      4.2000
     820      1.6000      4.2000
     822      1.8000      4.2000
     824      2.0000      4.2000
     826      2.2000      4.2000
     828      2.4000      4.2000
     830      2.6000      4.2000
     832      2.8000      4.2000
     834      3.0000      4.2000
     836      3.2000      4.2000
     838      1.0000      4.8000
     840      0.2000      4.8000
     842      0.4000      4.8000
     844      0.6000      4.8000
     846      0.8000      4.8000
     848      1.0000      4.8000
     850      1.2000      4.8000
     852      1.4000      4.8000
     854      1.6000      4.8000
     856      1.8000      4.8000
     858      2.0000      4.8000
     860      2.2000      4.8000
     862      2.4000      4.8000
     864      2.6000      4.8000
     866      2.8000      4.8000
     868      3.0000      4.8000
     870      3.2000      4.8000
     872      1.0000      5.4000
     874      0.2000      5.4000
     876      0.4000      5.4000
     878      0.6000      5.4000
     880      0.8000      5.4000
     882      1.0000      5.4000
     884      1.2000      5.4000
     886      1.4000      5.4000
     888      1.6000      5.4000
     890      1.8000      5.4000
     892      2.0000      5.4000
     894      2.2000      5.4000
     896      2.4000      5.4000
     898      2.6000      5.4000
     900      2.8000      5.4000
     902      3.0000      5.4000
     904      3.2000      5.4000
     906      1.0000      6.0000
     908      0.2000      6.0000
     910      0.4000      6.0000
     912      0.6000      6.0000
     914      0.8000      6.0000
     916      1.0000      6.0000
     918      1.2000      6.0000
     920      1.4000      6.0000
     922      1.6000      6.0000
     924      1.8000      6.0000
     926      2.0000      6.0000
     928      2.2000      6.0000
     930      2.4000      6.0000
     932      2.6000      6.0000
     934      2.8000      6.0000
     936      3.0000      6.0000
     938      3.2000      6.0000
     940      1.0000      6.6000
     942      0.2000      6.6000
     944      0.4000      6.6000
     946      0.6000      6.6000
     948      0.8000      6.6000
     950      1.0000      6.6000
     952      1.2000      6.6000
     954      1.4000      6.6000
     956      1.6000      6.6000
     958      1.8000      6.6000
     960      2.0000      6.6000
     962      2.2000      6.6000
     964      2.4000      6.6000
     966      2.6000      6.6000
     968      2.8000      6.6000
     970      3.0000      6.6000
     972      3.2000      6.6000
     974      1.0000      7.2000
     976      0.2000      7.2000
     978      0.4000      7.2000
     980      0.6000      7.2000
     982      0.8000      7.2000
     984      1.0000      7.2000
     986      1.2000      7.2000
     988      1.4000      7.2000
     990      1.6000      7.2000
     992      1.8000      7.2000
     994      2.0000      7.2000
     996      2.2000      7.2000
     998      2.4000      7.2000
    1000      2.6000      7.2000
    1002      2.8000      7.2000
    1004      3.0000      7.2000
    1006      3.2000      7.2000
    1008      1.0000      7.8000
    1010      0.2000      7.8000
    1012      0.4000      7.8000
    1014      0.6000      7.8000
    1016      0.8000      7.8000
    1018      1.0000      7.8000
    1020      1.2000      7.8000
    1022      1.4000      7.8000
    1024      1.6000      7.8000
    1026      1.8000      7.8000
    1028      2.0000      7.8000
    1030      2.2000      7.8000
    1032      2.4000      7.8000
    1034      2.6000      7.8000
    1036      2.8000      7.8000
    1038      3.0000      7.8000
    1040      3.2000      7.8000
    1042      1.0000      8.4000
    1044      0.2000      8.4000
    1046      0.4000      8.4000
    1048      0.6000      8.4000
    1050      0.8000      8.4000
    1052      1.0000      8.4000
    1054      1.2000      8.4000
    1056      1.4000      8.4000
    1058      1.6000      8.4000
    1060      1.8000      8.4000
    1062      2.0000      8.4000
    1064      2.2000      8.4000
    1066      2.4000      8.4000
    1068      2.6000      8.4000
    1070      2.8000      8.4000
    1072      3.0000      8.4000
    1074      3.2000      8.4000
    1076      1.0000      9.0000
    1078      0.2000      9.0000
    1080      0.4000      9.0000
    1082      0.6000      9.0000
    1084      0.8000      9.0000
    1086      1.0000      9.0000
    1088      1.2000      9.0000
    1090      1.4000      9.0000
    1092      1.6000      9.0000
    1094      1.8000      9.0000
    1096      2.0000      9.0000
    1098      2.2000      9.0000
    1100      2.4000      9.0000
    1102      2.6000      9.0000
    1104      2.8000      9.0000
    1106      3.0000      9.0000
    1108      3.2000      9.0000
    1110      1.0000      9.6000
    1112      0.2000      9.6000
    1114      0.4000      9.6000
    1116      0.6000      9.6000
    1118      0.8000      9.6000
    1120      1.0000      9.6000
    1122      1.2000      9.6000
    1124      1.4000      9.6000
    1126      1.6000      9.6000
    1128      1.8000      9.6000
    1130      2.0000      9.6000
    1132      2.2000      9.6000
    1134      2.4000      9.6000
    1136      2.6000      9.6000
    1138      2.8000      9.6000
    1140      3.0000      9.6000
    1142      3.2000      9.6000
    1144      0.2000      1.0000
    1146      0.4000      1.0000
    1148      0.6000      1.0000
    1150      0.8000      1.0000
    1152      1.0000      1.0000
    1154      1.2000      1.0000
    1156      1.4000      1.0000
    1158      1.6000      1.0000
    1160      1.8000      1.0000
    1162      2.0000      1.0000
    1164      2.2000      1.0000
    1166      2.4000      1.0000
    1168      2.6000      1.0000
    1170      2.8000      1.0000
    1172      3.0000      1.0000
    1174      3.2000      1.0000
    1176      1.0000      0.6000
    1183      1.2000      0.6000
    1185      1.4000      0.6000
    1187      1.6000      0.6000
    1189      1.8000      0.6000
    1191      2.0000      0.6000
    1193      2.2000      0.6000
    1195      2.4000      0.6000
    1197      2.6000      0.6000
    1199      2.8000      0.6000
    1201      3.0000      0.6000
    1203      3.2000      0.6000
    1205      1.0000      1.2000
    1207      0.2000      1.2000
    1209      0.4000      1.2000
    1211      0.6000      1.2000
    1213      0.8000      1.2000
    1215      1.0000      1.2000
    1217      1.2000      1.2000
    1219      1.4000      1.2000
    1221      1.6000      1.2000
    1223      1.8000      1.2000
    1225      2.0000      1.2000
    1227      2.2000      1.2000
    1229      2.4000      1.2000
    1231      2.6000      1.2000
    1233      2.8000      1.2000
    1235      3.0000      1.2000
    1237      3.2000      1.2000
    1239      1.0000      1.8000
    1241      0.2000      1.8000
    1243      0.4000      1.8000
    1245      0.6000      1.8000
    1247      0.8000      1.8000
    1249      1.0000      1.8000
    1251      1.2000      1.8000
    1253      1.4000      1.8000
    1255      1.6000      1.8000
    1257      1.8000      1.8000
    1259      2.0000      1.8000
    1261      2.2000      1.8000
    1263      2.4000      1.8000
    1265      2.6000      1.8000
    1267      2.8000      1.8000
    1269      3.0000      1.8000
    1271      3.2000      1.8000
    1273      1.0000      2.4000
    1275      0.2000      2.4000
    1277      0.4000      2.4000
    1279      0.6000      2.4000
    1281      0.8000      2.4000
    1283      1.0000      2.4000
    1285      1.2000      2.4000
    1287      1.4000      2.4000
    1289      1.6000      2.4000
    1291      1.8000      2.4000
    1293      2.0000      2.4000
    1295      2.2000      2.4000
    1297      2.4000      2.4000
    1299      2.6000      2.4000
    1301      2.8000      2.4000
    1303      3.0000      2.4000
    1305      3.2000      2.4000
    1307      1.0000      3.0000
    1309      0.2000      3.0000
    1311      0.4000      3.0000
    1313      0.6000      3.0000
    1315      0.8000      3.0000
    1317      1.0000      3.0000
    1319      1.2000      3.0000
    1321      1.4000      3.0000
    1323      1.6000      3.0000
    1325      1.8000      3.0000
    1327      2.0000      3.0000
    1329      2.2000      3.0000
    1331      2.4000      3.0000
    1333      2.6000      3.0000
    1335      2.8000      3.0000
    1337      3.0000      3.0000
    1339      3.2000      3.0000
    1341      1.0000      3.6000
    1343      0.2000      3.6000
    1345      0.4000      3.6000
    1347      0.6000      3.6000
    1349      0.8000      3.6000
    1351      1.0000      3.6000
    1353      1.2000      3.6000
    1355      1.4000      3.6000
    1357      1.6000      3.6000
    1359      1.8000      3.6000
    1361      2.0000      3.6000
    1363      2.2000      3.6000
    1365      2.4000      3.6000
    1367      2.6000      3.6000
    1369      2.8000      3.6000
    1371      3.0000      3.6000
    1373      3.2000      3.6000
    1375      1.0000      4.2000
    1377      0.2000      4.2000
    1379      0.4000      4.2000
    1381      0.6000      4.2000
    1383      0.8000      4.2000
    1385      1.0000      4.2000
    1387      1.2000      4.2000
    1389      1.4000      4.2000
    1391      1.6000      4.2000
    1393      1.8000      4.2000
    1395      2.0000      4.2000
    1397      2.2000      4.2000
    1399      2.4000      4.2000
    1401      2.6000      4.2000
    1403      2.8000      4.2000
    1405      3.0000      4.2000
    1407      3.2000      4.2000
    1409      1.0000      4.8000
    1411      0.2000      4.8000
    1413      0.4000      4.8000
    1415      0.6000      4.8000
    1417      0.8000      4.8000
    1419      1.0000      4.8000
    1421      1.2000      4.8000
    1423      1.4000      4.8000
    1425      1.6000      4.8000
    1427      1.8000      4.8000
    1429      2.0000      4.8000
    1431      2.2000      4.8000
    1433      2.4000      4.8000
    1435      2.6000      4.8000
    1437      2.8000      4.8000
    1439      3.0000      4.8000
    1441      3.2000      4.8000
    1443      1.0000      5.4000
    1445      0.2000      5.4000
    1447      0.4000      5.4000
    1449      0.6000      5.4000
    1451      0.8000      5.4000
    1453      1.0000      5.4000
    1455      1.2000      5.4000
    1457      1.4000      5.4000
    1459      1.6000      5.4000
    1461      1.8000      5.4000
    1463      2.0000      5.4000
    1465      2.2000      5.4000
    1467      2.4000      5.4000
    1469      2.6000      5.4000
    1471      2.8000      5.4000
    1473      3.0000      5.4000
    1475      3.2000      5.4000
    1477      1.0000      6.0000
    1479      0.2000      6.0000
    1481      0.4000      6.0000
    1483      0.6000      6.0000
    1485      0.8000      6.0000
    1487      1.0000      6.0000
    1489      1.2000      6.0000
    1491      1.4000      6.0000
    1493      1.6000      6.0000
    1495      1.8000      6.0000
    1497      2.0000      6.0000
    1499      2.2000      6.0000
    1501      2.4000      6.0000
    1503      2.6000      6.0000
    1505      2.8000      6.0000
    1507      3.0000      6.0000
    1509      3.2000      6.0000
    1511      1.0000      6.6000
    1513      0.2000      6.6000
    1515      0.4000      6.6000
    1517      0.6000      6.6000
    1519      0.8000      6.6000
    1521      1.0000      6.6000
    1523      1.2000      6.6000
    1525      1.4000      6.6000
    1527      1.6000      6.6000
    1529      1.8000      6.6000
    1531      2.0000      6.6000
    1533      2.2000      6.6000
    1535      2.4000      6.6000
    1537      2.6000      6.6000
    1539      2.8000      6.6000
    1541      3.0000      6.6000
    1543      3.2000      6.6000
    1545      1.0000      7.2000
    1547      0.2000      7.2000
    1549      0.4000      7.2000
    1551      0.6000      7.2000
    1553      0.8000      7.2000
    1555      1.0000      7.2000
    1557      1.2000      7.2000
    1559      1.4000      7.2000
    1561      1.6000      7.2000
    1563      1.8000      7.2000
    1565      2.0000      7.2000
    1567      2.2000      7.2000
    1569      2.4000      7.2000
    1571      2.6000      7.2000
    1573      2.8000      7.2000
    1575      3.0000      7.2000
    1577      3.2000      7.2000
    1579      1.0000      7.8000
    1581      0.2000      7.8000
    1583      0.4000      7.8000
    1585      0.6000      7.8000
    1587      0.8000      7.8000
    1589      1.0000      7.8000
    1591      1.2000      7.8000
    1593      1.4000      7.8000
    1595      1.6000      7.8000
    1597      1.8000      7.8000
    1599      2.0000      7.8000
    1601      2.2000      7.8000
    1603      2.4000      7.8000
    1605      2.6000      7.8000
    1607      2.8000      7.8000
    1609      3.0000      7.8000
    1611      3.2000      7.8000
    1613      1.0000      8.4000
    1615      0.2000      8.4000
    1617      0.4000      8.4000
    1619      0.6000      8.4000
    1621      0.8000      8.4000
    1623      1.0000      8.4000
    1625      1.2000      8.4000
    1627      1.4000      8.4000
    1629      1.6000      8.4000
    1631      1.8000      8.4000
    1633      2.0000      8.4000
    1635      2.2000      8.4000
    1637      2.4000      8.4000
    1639      2.6000      8.4000
    1641      2.8000      8.4000
    1643      3.0000      8.4000
    1645      3.2000      8.4000
    1647      1.0000      9.0000
    1649      0.2000      9.0000
    1651      0.4000      9.0000
    1653      0.6000      9.0000
    1655      0.8000      9.0000
    1657      1.0000      9.0000
    1659      1.2000      9.0000
    1661      1.4000      9.0000
    1663      1.6000      9.0000
    1665      1.8000      9.0000
    1667      2.0000      9.0000
    1669      2.2000      9.0000
    1671      2.4000      9.0000
    1673      2.6000      9.0000
    1675      2.8000      9.0000
    1677      3.0000      9.0000
    1679      3.2000      9.0000
    1681      1.0000      9.6000
    1683      0.2000      9.6000
    1685      0.4000      9.6000
    1687      0.6000      9.6000
    1689      0.8000      9.6000
    1691      1.0000      9.6000
    1693      1.2000      9.6000
    1695      1.4000      9.6000
    1697      1.6000      9.6000
    1699      1.8000      9.6000
    1701      2.0000      9.6000
    1703      2.2000      9.6000
    1705      2.4000      9.6000
    1707      2.6000      9.6000
    1709      2.8000      9.6000
    1711      3.0000      9.6000
    1713      3.2000      9.6000
